1
0.660
7.94
6.84
1.09
9.8
9.8
0.0
30.2
2.09
0.75
1
0.660
7.94
4.64
0.60
5.0
4.3
-20
19.3
1.76
0.79
2
0.740
7.94
6.84
1.15
10.0
8.4
0.0
27.0
3.15
0.67
2
0.740
7.94
4.65
0.65
4.9
2.5
-20.0
17.1
2.39
0.74
3
0.660
6.32
6.84
1.09
9.8
9.8
0.0
31.9
2.06
0.80
3
0.660
6.32
4.60
0.59
6.0
5.5
-19.2
20.6
1.72
0.83
4
0.771
6.32
6.84
1.15
9.8
8.4
0.0
29.9
3.80
0.75
4
0.771
6.32
4.64
0.73
5.0
2.3
-17.4
19.6
3.09
0.78
5
0.660
7.94
6.84
1.11
9.9
9.3
-0.1
32.5
2.27
0.81
5
0.660
7.94
4.65
0.61
5.1
3.9
-20.0
21.8
1.77
0.84
6
0.760
7.94
6.84
1.13
9.9
8.9
0.1
31.7
3.17
0.79
6
0.760
7.94
4.64
0.81
4.9
3.5
-13.8
21.5
2.75
0.80
7
0.660
6.32
6.84
1.11
9.9
9.4
0.0
34.0
2.22
0.85
7
0.660
6.32
4.64
0.61
5.0
4.3
-19.6
23.6
1.84
0.87
8
0.764
6.32
6.84
1.15
9.8
8.3
-0.1
32.5
3.72
0.81
8
0.764
6.32
4.64
0.64
5.0
2.9
-20.0
21.9
2.78
0.84
9
0.660
7.94
6.84
1.10
9.8
9.3
-0.2
29.8
2.15
0.74
9
0.660
7.94
4.65
0.61
7.0
3.7
-20.2
17.8
1.79
0.79
10
0.770
7.94
6.84
1.14
9.8
8.7
0.0
27.2
3.38
0.68
10
0.770
7.94
4.64
0.70
5.0
2.4
-18.4
15.9
2.98
0.71
11
0.664
6.32
6.84
1.10
9.9
9.5
-0.1
30.0
2.55
0.75
11
0.664
6.32
4.64
0.60
10.0
9.4
-14.9
17.1
1.87
0.80
12
0.780
6.32
6.84
1.12
9.8
9.0
-0.1
29.0
3.15
0.72
12
0.780
6.32
4.64
0.63
5.0
3.2
-20.0
18.0
2.59
0.76
