LabVIEW Measurement	
Writer_Version	2
Reader_Version	2
Separator	Tab
Decimal_Separator	.
Multi_Headings	Yes
X_Columns	One
Time_Pref	Relative
Operator	zvar
Date	2019/12/12
Time	14:17:23.4763312339782714844
***End_of_Header***	
	
Channels	4				
Samples	720	720	720	720	
Date	2019/12/12	2019/12/12	2019/12/12	2019/12/12	
Time	14:17:23.4763312339782714844	14:17:23.4763312339782714844	14:17:23.4763312339782714844	14:17:23.4763312339782714844	
X_Dimension	Time	Time	Time	Time	
X0	0.0000000000000000E+0	0.0000000000000000E+0	0.0000000000000000E+0	0.0000000000000000E+0	
Delta_X	1.000000	1.000000	1.000000	1.000000	
***End_of_Header***					
X_Value	Untitled	Untitled 1	Untitled 2	Untitled 3	Comment
0.000000	0.570000	0.505363	0.033730	99.000000
1.000000	1.570000	0.485629	0.033234	99.000000
2.000000	2.570000	0.465335	0.033079	98.000000
3.000000	3.570000	0.445452	0.034436	99.000000
4.000000	4.570000	0.421524	0.034718	99.000000
5.000000	5.570000	0.391532	0.033834	99.000000
6.000000	6.570000	0.359761	0.033077	99.000000
7.000000	7.570000	0.328008	0.033839	99.000000
8.000000	8.570000	0.290118	0.033815	99.000000
9.000000	9.570000	0.255025	0.035285	99.000000
10.000000	10.570000	0.216119	0.034524	99.000000
11.000000	11.570000	0.175996	0.037601	99.000000
12.000000	12.570000	0.137725	0.035776	99.000000
13.000000	13.570000	0.098311	0.036881	99.000000
14.000000	14.570000	0.063526	0.036648	99.000000
15.000000	15.570000	0.033897	0.035816	99.000000
16.000000	16.570000	0.005103	0.037827	99.000000
17.000000	17.570000	-0.013796	0.034743	99.000000
18.000000	18.570000	-0.032060	0.033645	99.000000
19.000000	19.570000	-0.040066	0.034110	99.000000
20.000000	20.570000	-0.044659	0.034942	99.000000
21.000000	21.570000	-0.046203	0.034358	99.000000
22.000000	22.570000	-0.044859	0.032229	99.000000
23.000000	23.570000	-0.042426	0.033901	99.000000
24.000000	24.570000	-0.041972	0.032685	99.000000
25.000000	25.570000	-0.035981	0.031876	99.000000
26.000000	26.570000	-0.030499	0.031396	99.000000
27.000000	27.570000	-0.021730	0.033087	99.000000
28.000000	28.570000	-0.014123	0.033718	99.000000
29.000000	29.570000	-0.010510	0.031989	99.000000
30.000000	30.570000	-0.001269	0.033395	99.000000
31.000000	31.570000	0.005376	0.033023	99.000000
32.000000	32.570000	0.010459	0.032235	99.000000
33.000000	33.570000	0.012492	0.030090	99.000000
34.000000	34.570000	0.018084	0.032652	99.000000
35.000000	35.570000	0.021316	0.032374	99.000000
36.000000	36.570000	0.019893	0.034237	100.000000
37.000000	37.570000	0.023131	0.031404	99.000000
38.000000	38.570000	0.024348	0.032867	99.000000
39.000000	39.570000	0.028051	0.029791	99.000000
40.000000	40.570000	0.028088	0.031261	99.000000
41.000000	41.570000	0.026690	0.030922	99.000000
42.000000	42.570000	0.028069	0.032928	99.000000
43.000000	43.570000	0.023349	0.032174	99.000000
44.000000	44.570000	0.022859	0.032385	99.000000
45.000000	45.570000	0.018248	0.030203	99.000000
46.000000	46.570000	0.015486	0.028204	98.000000
47.000000	47.570000	0.012547	0.030547	99.000000
48.000000	48.570000	0.008734	0.030485	99.000000
49.000000	49.570000	0.007119	0.030194	99.000000
50.000000	50.570000	0.002190	0.031057	100.000000
51.000000	51.570000	-0.002070	0.032185	100.000000
52.000000	52.570000	-0.000997	0.029783	99.000000
53.000000	53.570000	-0.005699	0.030942	99.000000
54.000000	54.570000	-0.004265	0.029272	99.000000
55.000000	55.570000	-0.006229	0.029602	98.000000
56.000000	56.570000	-0.004446	0.031040	99.000000
57.000000	57.570000	-0.003593	0.029522	99.000000
58.000000	58.570000	-0.003357	0.029475	99.000000
59.000000	59.570000	0.000300	0.027040	98.000000
60.000000	60.570000	0.001037	0.031082	99.000000
61.000000	61.570000	0.000590	0.031927	100.000000
62.000000	62.570000	0.004595	0.029473	99.000000
63.000000	63.570000	0.004305	0.031861	99.000000
64.000000	64.570000	0.005721	0.030064	99.000000
65.000000	65.570000	0.007373	0.029372	99.000000
66.000000	66.570000	0.006864	0.030288	99.000000
67.000000	67.570000	0.007300	0.032147	99.000000
68.000000	68.570000	0.011076	0.032451	99.000000
69.000000	69.570000	0.008408	0.029350	99.000000
70.000000	70.570000	0.006483	0.030651	99.000000
71.000000	71.570000	0.005176	0.031662	99.000000
72.000000	72.570000	0.004541	0.033197	99.000000
73.000000	73.570000	0.001999	0.032524	99.000000
74.000000	74.570000	0.001654	0.032469	99.000000
75.000000	75.570000	0.000655	0.032596	99.000000
76.000000	76.570000	-0.001251	0.030417	99.000000
77.000000	77.570000	-0.003629	0.033233	99.000000
78.000000	78.570000	-0.004798	0.028122	98.000000
79.000000	79.570000	-0.005899	0.032427	99.000000
80.000000	80.570000	-0.004486	0.029299	98.000000
81.000000	81.570000	-0.008186	0.030642	99.000000
82.000000	82.570000	-0.008313	0.030703	99.000000
83.000000	83.570000	-0.009402	0.031391	99.000000
84.000000	84.570000	-0.012434	0.032860	99.000000
85.000000	85.570000	-0.013614	0.033615	99.000000
86.000000	86.570000	-0.015702	0.031661	99.000000
87.000000	87.570000	-0.015230	0.034645	99.000000
88.000000	88.570000	-0.016773	0.034419	99.000000
89.000000	89.570000	-0.015829	0.033811	99.000000
90.000000	90.570000	-0.019805	0.031051	99.000000
91.000000	91.570000	-0.019025	0.033732	99.000000
92.000000	92.570000	-0.018480	0.032498	99.000000
93.000000	93.570000	-0.020168	0.033447	99.000000
94.000000	94.570000	-0.018934	0.032566	99.000000
95.000000	95.570000	-0.019134	0.032453	99.000000
96.000000	96.570000	-0.019624	0.033423	99.000000
97.000000	97.570000	-0.020477	0.033229	99.000000
98.000000	98.570000	-0.015545	0.032624	98.000000
99.000000	99.570000	-0.018879	0.031242	99.000000
100.000000	100.570000	-0.016756	0.030649	98.000000
101.000000	101.570000	-0.017435	0.028837	98.000000
102.000000	102.570000	-0.018970	0.030307	99.000000
103.000000	103.570000	-0.014188	0.030053	98.000000
104.000000	104.570000	-0.017500	0.029890	99.000000
105.000000	105.570000	-0.018462	0.030449	99.000000
106.000000	106.570000	-0.015630	0.032053	99.000000
107.000000	107.570000	-0.015684	0.029643	99.000000
108.000000	108.570000	-0.015158	0.032795	99.000000
109.000000	109.570000	-0.015503	0.031603	99.000000
110.000000	110.570000	-0.015630	0.032410	99.000000
111.000000	111.570000	-0.015012	0.033839	99.000000
112.000000	112.570000	-0.015702	0.032655	99.000000
113.000000	113.570000	-0.015339	0.033855	99.000000
114.000000	114.570000	-0.016265	0.032822	99.000000
115.000000	115.570000	-0.016283	0.032680	99.000000
116.000000	116.570000	-0.016192	0.033282	99.000000
117.000000	117.570000	-0.014867	0.030795	99.000000
118.000000	118.570000	-0.016319	0.031448	99.000000
119.000000	119.570000	-0.019351	0.030986	99.000000
120.000000	120.570000	-0.017028	0.032976	99.000000
121.000000	121.570000	-0.018534	0.032659	99.000000
122.000000	122.570000	-0.018589	0.032625	99.000000
123.000000	123.570000	-0.020767	0.030718	99.000000
124.000000	124.570000	-0.022855	0.033276	99.000000
125.000000	125.570000	-0.019769	0.031608	99.000000
126.000000	126.570000	-0.020513	0.032426	99.000000
127.000000	127.570000	-0.021653	0.031660	98.000000
128.000000	128.570000	-0.022420	0.032990	99.000000
129.000000	129.570000	-0.021312	0.032895	99.000000
130.000000	130.570000	-0.022656	0.033016	99.000000
131.000000	131.570000	-0.020589	0.031525	98.000000
132.000000	132.570000	-0.023073	0.032753	99.000000
133.000000	133.570000	-0.023459	0.034373	100.000000
134.000000	134.570000	-0.022111	0.035865	99.000000
135.000000	135.570000	-0.023309	0.035009	99.000000
136.000000	136.570000	-0.022710	0.034031	99.000000
137.000000	137.570000	-0.018572	0.032230	98.000000
138.000000	138.570000	-0.020659	0.034913	99.000000
139.000000	139.570000	-0.019525	0.032729	98.000000
140.000000	140.570000	-0.021911	0.032590	99.000000
141.000000	141.570000	-0.020295	0.033572	99.000000
142.000000	142.570000	-0.018189	0.033393	99.000000
143.000000	143.570000	-0.017948	0.034252	98.000000
144.000000	144.570000	-0.020798	0.035002	100.000000
145.000000	145.570000	-0.016958	0.033820	98.000000
146.000000	146.570000	-0.016610	0.034593	99.000000
147.000000	147.570000	-0.015484	0.036628	99.000000
148.000000	148.570000	-0.014123	0.034448	99.000000
149.000000	149.570000	-0.016211	0.034811	99.000000
150.000000	150.570000	-0.011841	0.032061	98.000000
151.000000	151.570000	-0.012336	0.034225	98.000000
152.000000	152.570000	-0.011474	0.034566	98.000000
153.000000	153.570000	-0.006779	0.034051	98.000000
154.000000	154.570000	-0.007384	0.033266	98.000000
155.000000	155.570000	-0.007260	0.034971	99.000000
156.000000	156.570000	-0.006062	0.034110	99.000000
157.000000	157.570000	-0.003339	0.033814	99.000000
158.000000	158.570000	-0.002175	0.030363	98.000000
159.000000	159.570000	-0.002140	0.033729	99.000000
160.000000	160.570000	0.001768	0.031274	98.000000
161.000000	161.570000	0.003162	0.031349	98.000000
162.000000	162.570000	0.003034	0.032786	99.000000
163.000000	163.570000	0.005491	0.030598	98.000000
164.000000	164.570000	-0.003037	0.029991	98.000000
165.000000	165.570000	0.003638	0.028810	98.000000
166.000000	166.570000	0.006316	0.031995	98.000000
167.000000	167.570000	0.008480	0.033663	99.000000
168.000000	168.570000	0.008880	0.031437	99.000000
169.000000	169.570000	0.009134	0.033132	99.000000
170.000000	170.570000	0.012075	0.032568	99.000000
171.000000	171.570000	0.013709	0.036233	99.000000
172.000000	172.570000	0.011302	0.036581	100.000000
173.000000	173.570000	0.013333	0.036516	100.000000
174.000000	174.570000	0.017776	0.034402	99.000000
175.000000	175.570000	0.017866	0.033372	99.000000
176.000000	176.570000	0.020750	0.032654	98.000000
177.000000	177.570000	0.020662	0.034215	99.000000
178.000000	178.570000	0.025206	0.030832	98.000000
179.000000	179.570000	0.021897	0.032503	99.000000
180.000000	180.570000	0.025038	0.033265	99.000000
181.000000	181.570000	0.028251	0.030196	98.000000
182.000000	182.570000	0.025510	0.033362	99.000000
183.000000	183.570000	0.028632	0.032468	99.000000
184.000000	184.570000	0.029703	0.033912	99.000000
185.000000	185.570000	0.029594	0.035106	99.000000
186.000000	186.570000	0.030520	0.032318	99.000000
187.000000	187.570000	0.033698	0.033032	98.000000
188.000000	188.570000	0.034369	0.033305	99.000000
189.000000	189.570000	0.033952	0.033664	99.000000
190.000000	190.570000	0.035132	0.035121	99.000000
191.000000	191.570000	0.037510	0.035487	99.000000
192.000000	192.570000	0.039035	0.033992	99.000000
193.000000	193.570000	0.040614	0.034811	99.000000
194.000000	194.570000	0.043241	0.037981	100.000000
195.000000	195.570000	0.047913	0.033952	99.000000
196.000000	196.570000	0.052034	0.037426	99.000000
197.000000	197.570000	0.056700	0.036763	99.000000
198.000000	198.570000	0.059822	0.034299	99.000000
199.000000	199.570000	0.062237	0.033671	99.000000
200.000000	200.570000	0.065833	0.035282	100.000000
201.000000	201.570000	0.068242	0.034604	100.000000
202.000000	202.570000	0.074020	0.033811	99.000000
203.000000	203.570000	0.078397	0.035513	100.000000
204.000000	204.570000	0.083515	0.033504	99.000000
205.000000	205.570000	0.086147	0.034099	99.000000
206.000000	206.570000	0.090613	0.031162	99.000000
207.000000	207.570000	0.092811	0.034156	100.000000
208.000000	208.570000	0.096155	0.035133	100.000000
209.000000	209.570000	0.101379	0.032095	99.000000
210.000000	210.570000	0.103739	0.032368	99.000000
211.000000	211.570000	0.105900	0.031839	99.000000
212.000000	212.570000	0.108133	0.031119	99.000000
213.000000	213.570000	0.111540	0.032987	100.000000
214.000000	214.570000	0.120044	0.031404	98.000000
215.000000	215.570000	0.119915	0.030376	98.000000
216.000000	216.570000	0.122875	0.031398	99.000000
217.000000	217.570000	0.127233	0.031583	98.000000
218.000000	218.570000	0.126524	0.031056	99.000000
219.000000	219.570000	0.129646	0.030829	99.000000
220.000000	220.570000	0.133762	0.029297	98.000000
221.000000	221.570000	0.136473	0.032848	99.000000
222.000000	222.570000	0.141869	0.030228	98.000000
223.000000	223.570000	0.143593	0.029757	98.000000
224.000000	224.570000	0.145205	0.030051	99.000000
225.000000	225.570000	0.149217	0.030318	99.000000
226.000000	226.570000	0.152413	0.030208	99.000000
227.000000	227.570000	0.157896	0.030099	99.000000
228.000000	228.570000	0.158585	0.029759	99.000000
229.000000	229.570000	0.165051	0.027198	98.000000
230.000000	230.570000	0.170149	0.028491	98.000000
231.000000	231.570000	0.170876	0.030725	99.000000
232.000000	232.570000	0.176849	0.031180	99.000000
233.000000	233.570000	0.181370	0.032174	99.000000
234.000000	234.570000	0.183996	0.028515	98.000000
235.000000	235.570000	0.191552	0.027843	98.000000
236.000000	236.570000	0.197384	0.029926	98.000000
237.000000	237.570000	0.201852	0.027161	97.000000
238.000000	238.570000	0.206533	0.028693	99.000000
239.000000	239.570000	0.214991	0.026935	98.000000
240.000000	240.570000	0.218164	0.029324	98.000000
241.000000	241.570000	0.224803	0.026778	98.000000
242.000000	242.570000	0.230067	0.025371	98.000000
243.000000	243.570000	0.236101	0.027378	98.000000
244.000000	244.570000	0.242679	0.030687	99.000000
245.000000	245.570000	0.248627	0.029696	98.000000
246.000000	246.570000	0.256568	0.027723	98.000000
247.000000	247.570000	0.263303	0.030907	99.000000
248.000000	248.570000	0.268735	0.031629	100.000000
249.000000	249.570000	0.278045	0.032754	99.000000
250.000000	250.570000	0.288829	0.030177	98.000000
251.000000	251.570000	0.292751	0.033261	99.000000
252.000000	252.570000	0.301374	0.033228	99.000000
253.000000	253.570000	0.308456	0.034347	100.000000
254.000000	254.570000	0.317986	0.033866	99.000000
255.000000	255.570000	0.328970	0.032255	99.000000
256.000000	256.570000	0.337103	0.032554	99.000000
257.000000	257.570000	0.350030	0.032004	98.000000
258.000000	258.570000	0.356493	0.033638	99.000000
259.000000	259.570000	0.368810	0.031026	98.000000
260.000000	260.570000	0.381502	0.028235	98.000000
261.000000	261.570000	0.393038	0.030148	98.000000
262.000000	262.570000	0.405239	0.030743	99.000000
263.000000	263.570000	0.419200	0.031220	99.000000
264.000000	264.570000	0.430347	0.033108	99.000000
265.000000	265.570000	0.444280	0.031015	98.000000
266.000000	266.570000	0.457180	0.033571	99.000000
267.000000	267.570000	0.473313	0.031785	98.000000
268.000000	268.570000	0.485520	0.033485	99.000000
269.000000	269.570000	0.504565	0.030983	98.000000
270.000000	270.570000	0.521933	0.030440	98.000000
271.000000	271.570000	0.537430	0.033051	98.000000
272.000000	272.570000	0.556046	0.029307	98.000000
273.000000	273.570000	0.573385	0.035321	100.000000
274.000000	274.570000	0.592816	0.031363	99.000000
275.000000	275.570000	0.612278	0.033037	99.000000
276.000000	276.570000	0.631259	0.033846	100.000000
277.000000	277.570000	0.652108	0.033810	100.000000
278.000000	278.570000	0.676449	0.028884	98.000000
279.000000	279.570000	0.698293	0.031049	98.000000
280.000000	280.570000	0.720155	0.031835	99.000000
281.000000	281.570000	0.745812	0.028316	98.000000
282.000000	282.570000	0.772699	0.028137	98.000000
283.000000	283.570000	0.797678	0.028007	98.000000
284.000000	284.570000	0.822144	0.027690	98.000000
285.000000	285.570000	0.852479	0.028175	98.000000
286.000000	286.570000	0.879919	0.030700	99.000000
287.000000	287.570000	0.908676	0.029377	99.000000
288.000000	288.570000	0.942841	0.028673	98.000000
289.000000	289.570000	0.973979	0.030181	99.000000
290.000000	290.570000	1.007748	0.029736	99.000000
291.000000	291.570000	1.042877	0.029442	99.000000
292.000000	292.570000	1.078006	0.031153	100.000000
293.000000	293.570000	1.114789	0.030445	99.000000
294.000000	294.570000	1.154512	0.032225	99.000000
295.000000	295.570000	1.197348	0.030206	98.000000
296.000000	296.570000	1.237361	0.029516	97.000000
297.000000	297.570000	1.282777	0.027724	98.000000
298.000000	298.570000	1.326948	0.030705	99.000000
299.000000	299.570000	1.374992	0.027857	98.000000
300.000000	300.570000	1.426711	0.029794	98.000000
301.000000	301.570000	1.478252	0.030335	99.000000
302.000000	302.570000	1.530302	0.030205	99.000000
303.000000	303.570000	1.588307	0.028921	98.000000
304.000000	304.570000	1.646566	0.030903	99.000000
305.000000	305.570000	1.707458	0.031489	99.000000
306.000000	306.570000	1.772580	0.032072	99.000000
307.000000	307.570000	1.842704	0.031263	98.000000
308.000000	308.570000	1.910031	0.030752	99.000000
309.000000	309.570000	1.983305	0.032082	99.000000
310.000000	310.570000	2.062126	0.030656	98.000000
311.000000	311.570000	2.140182	0.032918	99.000000
312.000000	312.570000	2.224877	0.030197	98.000000
313.000000	313.570000	2.311909	0.033410	99.000000
314.000000	314.570000	2.402394	0.033533	99.000000
315.000000	315.570000	2.501102	0.032190	99.000000
316.000000	316.570000	2.603642	0.032744	99.000000
317.000000	317.570000	2.708582	0.031461	98.000000
318.000000	318.570000	2.816835	0.032214	99.000000
319.000000	319.570000	2.933372	0.032810	99.000000
320.000000	320.570000	3.048755	0.035980	100.000000
321.000000	321.570000	3.177909	0.032579	98.000000
322.000000	322.570000	3.310271	0.030137	97.000000
323.000000	323.570000	3.445251	0.032197	99.000000
324.000000	324.570000	3.589928	0.034790	99.000000
325.000000	325.570000	3.734854	0.035853	100.000000
326.000000	326.570000	3.887252	0.033061	99.000000
327.000000	327.570000	4.044087	0.037592	100.000000
328.000000	328.570000	4.212734	0.037386	99.000000
329.000000	329.570000	4.387149	0.035353	99.000000
330.000000	330.570000	4.571313	0.035770	99.000000
331.000000	331.570000	4.754987	0.034869	99.000000
332.000000	332.570000	4.952912	0.036321	99.000000
333.000000	333.570000	5.155612	0.037251	99.000000
334.000000	334.570000	5.350270	0.037101	99.000000
335.000000	335.570000	5.572906	0.038483	100.000000
336.000000	336.570000	5.796083	0.037861	99.000000
337.000000	337.570000	6.027094	0.040580	100.000000
338.000000	338.570000	6.253936	0.040412	100.000000
339.000000	339.570000	6.504773	0.039266	100.000000
340.000000	340.570000	6.752231	0.040388	100.000000
341.000000	341.570000	7.006555	0.040188	100.000000
342.000000	342.570000	7.269812	0.041038	100.000000
343.000000	343.570000	7.539539	0.042331	100.000000
344.000000	344.570000	7.823069	0.045148	100.000000
345.000000	345.570000	8.118552	0.054184	100.000000
346.000000	346.570000	8.430984	0.067113	100.000000
347.000000	347.570000	8.767034	0.086668	99.000000
348.000000	348.570000	9.127683	0.118313	99.000000
349.000000	349.570000	9.524060	0.158495	99.000000
350.000000	350.570000	9.955876	0.213774	99.000000
351.000000	351.570000	10.449092	0.287169	99.000000
352.000000	352.570000	10.972445	0.374082	99.000000
353.000000	353.570000	11.565059	0.480626	99.000000
354.000000	354.570000	12.214263	0.601858	99.000000
355.000000	355.570000	12.950669	0.767724	100.000000
356.000000	356.570000	13.723113	0.919530	100.000000
357.000000	357.570000	14.544677	1.083559	100.000000
358.000000	358.570000	15.407725	1.256598	100.000000
359.000000	359.570000	16.317144	1.438504	100.000000
360.000000	360.570000	17.264343	1.620637	100.000000
361.000000	361.570000	18.233523	1.802557	100.000000
362.000000	362.570000	19.205993	1.962504	100.000000
363.000000	363.570000	20.175892	2.097476	100.000000
364.000000	364.570000	21.145288	2.204126	100.000000
365.000000	365.570000	22.069481	2.267982	100.000000
366.000000	366.570000	22.939035	2.288837	100.000000
367.000000	367.570000	23.712359	2.264439	100.000000
368.000000	368.570000	24.462855	2.107234	99.000000
369.000000	369.570000	25.020557	1.984555	99.000000
370.000000	370.570000	25.501000	1.756834	98.000000
371.000000	371.570000	25.775938	1.586839	98.000000
372.000000	372.570000	25.898286	1.407030	98.000000
373.000000	373.570000	25.875214	1.222585	98.000000
374.000000	374.570000	25.723485	1.043918	98.000000
375.000000	375.570000	25.456287	0.877819	98.000000
376.000000	376.570000	25.076552	0.726943	98.000000
377.000000	377.570000	24.617313	0.604155	98.000000
378.000000	378.570000	24.084310	0.501521	98.000000
379.000000	379.570000	23.513649	0.395237	97.000000
380.000000	380.570000	22.890157	0.338436	97.000000
381.000000	381.570000	22.220357	0.315275	98.000000
382.000000	382.570000	21.556477	0.284628	98.000000
383.000000	383.570000	20.890581	0.267963	98.000000
384.000000	384.570000	20.216761	0.254832	98.000000
385.000000	385.570000	19.531730	0.256049	99.000000
386.000000	386.570000	18.864749	0.253136	100.000000
387.000000	387.570000	18.214579	0.241715	100.000000
388.000000	388.570000	17.563932	0.222700	99.000000
389.000000	389.570000	16.941452	0.213538	99.000000
390.000000	390.570000	16.339652	0.204459	99.000000
391.000000	391.570000	15.749524	0.193474	99.000000
392.000000	392.570000	15.191127	0.190308	100.000000
393.000000	393.570000	14.651350	0.180805	100.000000
394.000000	394.570000	14.105173	0.169398	100.000000
395.000000	395.570000	13.595483	0.160556	100.000000
396.000000	396.570000	13.097332	0.154347	100.000000
397.000000	397.570000	12.621827	0.147063	100.000000
398.000000	398.570000	12.165015	0.140146	100.000000
399.000000	399.570000	11.732467	0.137916	100.000000
400.000000	400.570000	11.308348	0.133121	100.000000
401.000000	401.570000	10.904611	0.130987	100.000000
402.000000	402.570000	10.518614	0.127278	100.000000
403.000000	403.570000	10.148434	0.125168	100.000000
404.000000	404.570000	9.788768	0.122017	100.000000
405.000000	405.570000	9.448118	0.121597	100.000000
406.000000	406.570000	9.124920	0.118432	100.000000
407.000000	407.570000	8.812003	0.118631	100.000000
408.000000	408.570000	8.511200	0.114758	100.000000
409.000000	409.570000	8.226914	0.113774	100.000000
410.000000	410.570000	7.952208	0.111738	100.000000
411.000000	411.570000	7.688574	0.110547	100.000000
412.000000	412.570000	7.440919	0.108311	100.000000
413.000000	413.570000	7.200147	0.105395	100.000000
414.000000	414.570000	6.971219	0.105140	100.000000
415.000000	415.570000	6.756509	0.102048	100.000000
416.000000	416.570000	6.545502	0.096274	99.000000
417.000000	417.570000	6.342132	0.098078	100.000000
418.000000	418.570000	6.149780	0.096697	100.000000
419.000000	419.570000	5.966829	0.095629	100.000000
420.000000	420.570000	5.787454	0.094037	100.000000
421.000000	421.570000	5.620445	0.091146	100.000000
422.000000	422.570000	5.452319	0.088169	99.000000
423.000000	423.570000	5.297787	0.089041	100.000000
424.000000	424.570000	5.147565	0.088215	100.000000
425.000000	425.570000	4.999861	0.084104	99.000000
426.000000	426.570000	4.865652	0.086201	100.000000
427.000000	427.570000	4.731858	0.084087	100.000000
428.000000	428.570000	4.601396	0.078451	99.000000
429.000000	429.570000	4.479277	0.083028	100.000000
430.000000	430.570000	4.361462	0.081240	100.000000
431.000000	431.570000	4.244560	0.076233	99.000000
432.000000	432.570000	4.136632	0.079770	100.000000
433.000000	433.570000	4.030086	0.078570	100.000000
434.000000	434.570000	3.931214	0.077440	100.000000
435.000000	435.570000	3.830581	0.075813	100.000000
436.000000	436.570000	3.739995	0.073817	100.000000
437.000000	437.570000	3.650200	0.073876	100.000000
438.000000	438.570000	3.563999	0.071644	100.000000
439.000000	439.570000	3.478625	0.071528	100.000000
440.000000	440.570000	3.399974	0.069844	100.000000
441.000000	441.570000	3.324126	0.069244	100.000000
442.000000	442.570000	3.250758	0.069474	100.000000
443.000000	443.570000	3.179116	0.067955	100.000000
444.000000	444.570000	3.109865	0.067434	100.000000
445.000000	445.570000	3.040398	0.067710	100.000000
446.000000	446.570000	2.973770	0.066008	100.000000
447.000000	447.570000	2.912445	0.067028	100.000000
448.000000	448.570000	2.852909	0.063801	99.000000
449.000000	449.570000	2.794234	0.066142	100.000000
450.000000	450.570000	2.739037	0.065195	100.000000
451.000000	451.570000	2.682817	0.062563	100.000000
452.000000	452.570000	2.632563	0.062544	100.000000
453.000000	453.570000	2.582291	0.061553	100.000000
454.000000	454.570000	2.533854	0.058440	99.000000
455.000000	455.570000	2.487086	0.061504	100.000000
456.000000	456.570000	2.440211	0.060102	100.000000
457.000000	457.570000	2.397866	0.059910	100.000000
458.000000	458.570000	2.354838	0.059408	100.000000
459.000000	459.570000	2.314796	0.056865	99.000000
460.000000	460.570000	2.274748	0.058566	100.000000
461.000000	461.570000	2.236932	0.057775	100.000000
462.000000	462.570000	2.200608	0.058435	100.000000
463.000000	463.570000	2.162486	0.055145	100.000000
464.000000	464.570000	2.128984	0.054917	100.000000
465.000000	465.570000	2.091347	0.054475	100.000000
466.000000	466.570000	2.060128	0.055582	100.000000
467.000000	467.570000	2.029016	0.054361	100.000000
468.000000	468.570000	1.999808	0.052948	99.000000
469.000000	469.570000	1.969290	0.055476	100.000000
470.000000	470.570000	1.939115	0.053186	99.000000
471.000000	471.570000	1.913015	0.053407	100.000000
472.000000	472.570000	1.885013	0.055421	100.000000
473.000000	473.570000	1.855330	0.051164	99.000000
474.000000	474.570000	1.832419	0.050044	99.000000
475.000000	475.570000	1.807637	0.052830	99.000000
476.000000	476.570000	1.785615	0.049986	99.000000
477.000000	477.570000	1.758156	0.052561	100.000000
478.000000	478.570000	1.736542	0.050783	99.000000
479.000000	479.570000	1.713798	0.050319	100.000000
480.000000	480.570000	1.692662	0.049051	99.000000
481.000000	481.570000	1.671093	0.049346	100.000000
482.000000	482.570000	1.648177	0.049997	100.000000
483.000000	483.570000	1.629215	0.049364	100.000000
484.000000	484.570000	1.611128	0.049281	99.000000
485.000000	485.570000	1.589566	0.049206	100.000000
486.000000	486.570000	1.571862	0.050289	100.000000
487.000000	487.570000	1.554630	0.048111	99.000000
488.000000	488.570000	1.536547	0.047825	99.000000
489.000000	489.570000	1.519218	0.049166	100.000000
490.000000	490.570000	1.502233	0.049764	100.000000
491.000000	491.570000	1.485733	0.048308	100.000000
492.000000	492.570000	1.470227	0.045881	99.000000
493.000000	493.570000	1.455013	0.048543	99.000000
494.000000	494.570000	1.438420	0.047220	99.000000
495.000000	495.570000	1.423097	0.048293	99.000000
496.000000	496.570000	1.407520	0.046143	99.000000
497.000000	497.570000	1.389647	0.047575	100.000000
498.000000	498.570000	1.376239	0.046369	99.000000
499.000000	499.570000	1.358859	0.048340	100.000000
500.000000	500.570000	1.346410	0.043861	99.000000
501.000000	501.570000	1.330579	0.047051	99.000000
502.000000	502.570000	1.315983	0.044753	99.000000
503.000000	503.570000	1.297446	0.047365	99.000000
504.000000	504.570000	1.282214	0.046932	99.000000
505.000000	505.570000	1.266746	0.044465	99.000000
506.000000	506.570000	1.248394	0.048096	100.000000
507.000000	507.570000	1.231126	0.045358	99.000000
508.000000	508.570000	1.213026	0.046080	99.000000
509.000000	509.570000	1.195996	0.047567	99.000000
510.000000	510.570000	1.174900	0.044857	99.000000
511.000000	511.570000	1.159450	0.047229	99.000000
512.000000	512.570000	1.138336	0.045423	99.000000
513.000000	513.570000	1.117224	0.048656	100.000000
514.000000	514.570000	1.099158	0.043126	99.000000
515.000000	515.570000	1.076991	0.042128	99.000000
516.000000	516.570000	1.055597	0.040629	98.000000
517.000000	517.570000	1.033570	0.042281	98.000000
518.000000	518.570000	1.013121	0.041797	99.000000
519.000000	519.570000	0.988104	0.040459	99.000000
520.000000	520.570000	0.965601	0.040412	98.000000
521.000000	521.570000	0.947546	0.039805	99.000000
522.000000	522.570000	0.924071	0.040651	99.000000
523.000000	523.570000	0.901723	0.037079	99.000000
524.000000	524.570000	0.866792	0.037960	99.000000
525.000000	525.570000	0.848462	0.036826	98.000000
526.000000	526.570000	0.827959	0.038176	99.000000
527.000000	527.570000	0.805363	0.037009	98.000000
528.000000	528.570000	0.782699	0.039673	99.000000
529.000000	529.570000	0.757554	0.039417	99.000000
530.000000	530.570000	0.735151	0.038125	99.000000
531.000000	531.570000	0.710989	0.040082	100.000000
532.000000	532.570000	0.689219	0.039924	99.000000
533.000000	533.570000	0.665018	0.037944	99.000000
534.000000	534.570000	0.647784	0.037275	98.000000
535.000000	535.570000	0.621864	0.037403	99.000000
536.000000	536.570000	0.603125	0.034518	98.000000
537.000000	537.570000	0.584730	0.035229	98.000000
538.000000	538.570000	0.564530	0.035736	99.000000
539.000000	539.570000	0.546252	0.033226	98.000000
540.000000	540.570000	0.525270	0.037033	100.000000
541.000000	541.570000	0.510247	0.033707	99.000000
542.000000	542.570000	0.491763	0.033437	98.000000
543.000000	543.570000	0.479365	0.034228	98.000000
544.000000	544.570000	0.458531	0.033059	98.000000
545.000000	545.570000	0.443767	0.033161	98.000000
546.000000	546.570000	0.430057	0.035366	99.000000
547.000000	547.570000	0.415968	0.033165	99.000000
548.000000	548.570000	0.401199	0.037488	100.000000
549.000000	549.570000	0.390269	0.033162	98.000000
550.000000	550.570000	0.377926	0.033535	98.000000
551.000000	551.570000	0.365986	0.035113	98.000000
552.000000	552.570000	0.355495	0.034491	98.000000
553.000000	553.570000	0.345133	0.037170	98.000000
554.000000	554.570000	0.335197	0.038263	99.000000
555.000000	555.570000	0.325103	0.037090	99.000000
556.000000	556.570000	0.318650	0.034485	98.000000
557.000000	557.570000	0.309810	0.034688	98.000000
558.000000	558.570000	0.299141	0.033970	99.000000
559.000000	559.570000	0.292061	0.035549	99.000000
560.000000	560.570000	0.283873	0.036612	99.000000
561.000000	561.570000	0.278210	0.033254	98.000000
562.000000	562.570000	0.275752	0.033923	98.000000
563.000000	563.570000	0.269260	0.032845	98.000000
564.000000	564.570000	0.266784	0.033823	98.000000
565.000000	565.570000	0.260585	0.031954	98.000000
566.000000	566.570000	0.256715	0.031587	98.000000
567.000000	567.570000	0.251782	0.032359	98.000000
568.000000	568.570000	0.248906	0.034438	99.000000
569.000000	569.570000	0.243042	0.034657	99.000000
570.000000	570.570000	0.240117	0.031671	98.000000
571.000000	571.570000	0.235907	0.034059	99.000000
572.000000	572.570000	0.234450	0.033539	98.000000
573.000000	573.570000	0.232139	0.034484	98.000000
574.000000	574.570000	0.228985	0.031541	98.000000
575.000000	575.570000	0.228710	0.032056	98.000000
576.000000	576.570000	0.227066	0.034434	99.000000
577.000000	577.570000	0.226582	0.029801	98.000000
578.000000	578.570000	0.223308	0.032423	99.000000
579.000000	579.570000	0.223996	0.032795	98.000000
580.000000	580.570000	0.223703	0.029617	98.000000
581.000000	581.570000	0.224180	0.030933	98.000000
582.000000	582.570000	0.222309	0.034973	99.000000
583.000000	583.570000	0.224308	0.031447	98.000000
584.000000	584.570000	0.220658	0.030429	98.000000
585.000000	585.570000	0.222146	0.031555	99.000000
586.000000	586.570000	0.225005	0.030545	98.000000
587.000000	587.570000	0.223598	0.033498	99.000000
588.000000	588.570000	0.223199	0.032374	99.000000
589.000000	589.570000	0.226380	0.029591	98.000000
590.000000	590.570000	0.225795	0.030210	99.000000
591.000000	591.570000	0.228049	0.030115	98.000000
592.000000	592.570000	0.230158	0.031429	98.000000
593.000000	593.570000	0.231020	0.030387	98.000000
594.000000	594.570000	0.231754	0.030565	98.000000
595.000000	595.570000	0.233771	0.030405	98.000000
596.000000	596.570000	0.235532	0.028241	98.000000
597.000000	597.570000	0.235055	0.029082	98.000000
598.000000	598.570000	0.236908	0.028054	98.000000
599.000000	599.570000	0.239494	0.028932	98.000000
600.000000	600.570000	0.239157	0.031037	99.000000
601.000000	601.570000	0.242407	0.030272	99.000000
602.000000	602.570000	0.244262	0.028109	98.000000
603.000000	603.570000	0.245275	0.031046	99.000000
604.000000	604.570000	0.246728	0.030707	99.000000
605.000000	605.570000	0.248834	0.030187	99.000000
606.000000	606.570000	0.251360	0.030210	98.000000
607.000000	607.570000	0.249126	0.035898	100.000000
608.000000	608.570000	0.254808	0.030949	98.000000
609.000000	609.570000	0.256640	0.033185	99.000000
610.000000	610.570000	0.262559	0.032491	99.000000
611.000000	611.570000	0.264629	0.033848	99.000000
612.000000	612.570000	0.267515	0.033286	99.000000
613.000000	613.570000	0.272236	0.034088	99.000000
614.000000	614.570000	0.279734	0.032710	99.000000
615.000000	615.570000	0.283292	0.033786	99.000000
616.000000	616.570000	0.291026	0.033929	99.000000
617.000000	617.570000	0.297997	0.032111	99.000000
618.000000	618.570000	0.304253	0.031046	98.000000
619.000000	619.570000	0.310107	0.032789	99.000000
620.000000	620.570000	0.317532	0.031787	99.000000
621.000000	621.570000	0.325684	0.031650	99.000000
622.000000	622.570000	0.332819	0.032852	99.000000
623.000000	623.570000	0.340589	0.034442	99.000000
624.000000	624.570000	0.347452	0.031955	99.000000
625.000000	625.570000	0.354060	0.034174	99.000000
626.000000	626.570000	0.362702	0.034443	99.000000
627.000000	627.570000	0.367618	0.032402	98.000000
628.000000	628.570000	0.377262	0.033040	99.000000
629.000000	629.570000	0.384724	0.034978	99.000000
630.000000	630.570000	0.393686	0.035962	100.000000
631.000000	631.570000	0.402044	0.033601	99.000000
632.000000	632.570000	0.409705	0.034088	99.000000
633.000000	633.570000	0.415242	0.034102	99.000000
634.000000	634.570000	0.422976	0.033386	99.000000
635.000000	635.570000	0.430202	0.034162	99.000000
636.000000	636.570000	0.438390	0.033096	99.000000
637.000000	637.570000	0.445797	0.032924	99.000000
638.000000	638.570000	0.452714	0.032494	99.000000
639.000000	639.570000	0.461737	0.033284	99.000000
640.000000	640.570000	0.469489	0.032798	99.000000
641.000000	641.570000	0.474064	0.033593	99.000000
642.000000	642.570000	0.484050	0.033490	99.000000
643.000000	643.570000	0.490513	0.032068	99.000000
644.000000	644.570000	0.496885	0.032417	99.000000
645.000000	645.570000	0.503003	0.031532	99.000000
646.000000	646.570000	0.509130	0.035375	100.000000
647.000000	647.570000	0.518072	0.033894	99.000000
648.000000	648.570000	0.524317	0.033753	100.000000
649.000000	649.570000	0.531343	0.031635	99.000000
650.000000	650.570000	0.540094	0.034237	99.000000
651.000000	651.570000	0.545159	0.032175	99.000000
652.000000	652.570000	0.548366	0.035113	100.000000
653.000000	653.570000	0.552428	0.035423	100.000000
654.000000	654.570000	0.556815	0.034237	99.000000
655.000000	655.570000	0.561027	0.031974	99.000000
656.000000	656.570000	0.563005	0.032377	99.000000
657.000000	657.570000	0.568198	0.032699	99.000000
658.000000	658.570000	0.568022	0.030798	98.000000
659.000000	659.570000	0.571103	0.033351	99.000000
660.000000	660.570000	0.572973	0.034295	99.000000
661.000000	661.570000	0.573190	0.031095	99.000000
662.000000	662.570000	0.569862	0.035070	100.000000
663.000000	663.570000	0.570939	0.032126	99.000000
664.000000	664.570000	0.570286	0.030666	99.000000
665.000000	665.570000	0.568252	0.034799	99.000000
666.000000	666.570000	0.570431	0.032639	99.000000
667.000000	667.570000	0.569124	0.032006	99.000000
668.000000	668.570000	0.568143	0.031764	99.000000
669.000000	669.570000	0.563187	0.033929	99.000000
670.000000	670.570000	0.565257	0.034101	99.000000
671.000000	671.570000	0.562570	0.031665	99.000000
672.000000	672.570000	0.563641	0.034391	99.000000
673.000000	673.570000	0.561971	0.034314	99.000000
674.000000	674.570000	0.562207	0.034312	99.000000
675.000000	675.570000	0.564113	0.034303	99.000000
676.000000	676.570000	0.561720	0.036030	100.000000
677.000000	677.570000	0.564079	0.032288	98.000000
678.000000	678.570000	0.564574	0.033756	98.000000
679.000000	679.570000	0.562261	0.034463	99.000000
680.000000	680.570000	0.561117	0.033851	99.000000
681.000000	681.570000	0.561658	0.034818	98.000000
682.000000	682.570000	0.563278	0.033850	99.000000
683.000000	683.570000	0.559828	0.034640	99.000000
684.000000	684.570000	0.560591	0.035931	99.000000
685.000000	685.570000	0.559647	0.033316	99.000000
686.000000	686.570000	0.560210	0.033269	99.000000
687.000000	687.570000	0.560228	0.034506	99.000000
688.000000	688.570000	0.561063	0.036252	99.000000
689.000000	689.570000	0.561589	0.034580	99.000000
690.000000	690.570000	0.563114	0.035304	99.000000
691.000000	691.570000	0.566655	0.035942	99.000000
692.000000	692.570000	0.567907	0.034612	99.000000
693.000000	693.570000	0.572428	0.033912	99.000000
694.000000	694.570000	0.559120	0.035410	99.000000
695.000000	695.570000	0.570413	0.035612	99.000000
696.000000	696.570000	0.574243	0.034663	99.000000
697.000000	697.570000	0.578401	0.034122	99.000000
698.000000	698.570000	0.582107	0.033328	98.000000
699.000000	699.570000	0.585844	0.033794	99.000000
700.000000	700.570000	0.588368	0.032886	99.000000
701.000000	701.570000	0.592017	0.034193	99.000000
702.000000	702.570000	0.599145	0.030978	98.000000
703.000000	703.570000	0.597082	0.032000	99.000000
704.000000	704.570000	0.600623	0.033147	99.000000
705.000000	705.570000	0.599255	0.030517	98.000000
706.000000	706.570000	0.599424	0.035522	99.000000
707.000000	707.570000	0.597827	0.032870	99.000000
708.000000	708.570000	0.599043	0.034764	99.000000
709.000000	709.570000	0.598190	0.032528	99.000000
710.000000	710.570000	0.595811	0.033592	99.000000
711.000000	711.570000	0.591527	0.035358	99.000000
712.000000	712.570000	0.586371	0.034924	99.000000
713.000000	713.570000	0.582250	0.034285	99.000000
714.000000	714.570000	0.574534	0.033505	99.000000
715.000000	715.570000	0.566316	0.032278	98.000000
716.000000	716.570000	0.557795	0.032999	99.000000
717.000000	717.570000	0.551369	0.030717	98.000000
718.000000	718.570000	0.536717	0.034623	99.000000
719.000000	719.570000	0.521866	0.032937	99.000000

